n=4
count=199
#1
0 1
0 2
0 3
1 0
1 2
1 3
2 0
2 1
2 3
3 0
3 1
3 2
#2
0 1
0 2
0 3
1 0
1 2
1 3
2 0
2 1
2 3
3 0
3 1
#3
0 1
0 2
0 3
1 0
1 2
1 3
2 0
2 1
2 3
3 0
#4
0 1
0 2
0 3
1 0
1 2
1 3
2 0
2 1
2 3
#5
0 1
0 2
0 3
1 0
1 2
1 3
2 0
2 1
3 0
3 1
#6
0 1
0 2
0 3
1 0
1 2
1 3
2 0
2 1
3 0
3 2
#7
0 1
0 2
0 3
1 0
1 2
1 3
2 0
2 1
3 0
#8
0 1
0 2
0 3
1 0
1 2
1 3
2 0
2 1
3 2
#9
0 1
0 2
0 3
1 0
1 2
1 3
2 0
2 1
#10
0 1
0 2
0 3
1 0
1 2
1 3
2 0
2 3
3 0
3 2
#11
0 1
0 2
0 3
1 0
1 2
1 3
2 0
2 3
3 0
#12
0 1
0 2
0 3
1 0
1 2
1 3
2 0
2 3
3 1
3 2
#13
0 1
0 2
0 3
1 0
1 2
1 3
2 0
2 3
3 1
#14
0 1
0 2
0 3
1 0
1 2
1 3
2 0
2 3
3 2
#15
0 1
0 2
0 3
1 0
1 2
1 3
2 0
2 3
#16
0 1
0 2
0 3
1 0
1 2
1 3
2 0
3 0
#17
0 1
0 2
0 3
1 0
1 2
1 3
2 0
3 1
#18
0 1
0 2
0 3
1 0
1 2
1 3
2 0
3 2
#19
0 1
0 2
0 3
1 0
1 2
1 3
2 0
#20
0 1
0 2
0 3
1 0
1 2
1 3
2 3
3 2
#21
0 1
0 2
0 3
1 0
1 2
1 3
2 3
#22
0 1
0 2
0 3
1 0
1 2
1 3
#23
0 1
0 2
0 3
1 0
1 2
2 0
2 1
3 0
3 1
#24
0 1
0 2
0 3
1 0
1 2
2 0
2 1
3 0
#25
0 1
0 2
0 3
1 0
1 2
2 0
2 1
3 1
3 2
#26
0 1
0 2
0 3
1 0
1 2
2 0
2 1
3 1
#27
0 1
0 2
0 3
1 0
1 2
2 0
2 1
#28
0 1
0 2
0 3
1 0
1 2
2 0
2 3
3 0
3 1
#29
0 1
0 2
0 3
1 0
1 2
2 0
2 3
3 0
#30
0 1
0 2
0 3
1 0
1 2
2 0
2 3
3 1
3 2
#31
0 1
0 2
0 3
1 0
1 2
2 0
2 3
3 1
#32
0 1
0 2
0 3
1 0
1 2
2 0
2 3
3 2
#33
0 1
0 2
0 3
1 0
1 2
2 0
2 3
#34
0 1
0 2
0 3
1 0
1 2
2 0
3 0
3 2
#35
0 1
0 2
0 3
1 0
1 2
2 0
3 0
#36
0 1
0 2
0 3
1 0
1 2
2 0
3 1
3 2
#37
0 1
0 2
0 3
1 0
1 2
2 0
3 1
#38
0 1
0 2
0 3
1 0
1 2
2 0
3 2
#39
0 1
0 2
0 3
1 0
1 2
2 0
#40
0 1
0 2
0 3
1 0
1 2
2 1
2 3
3 0
3 2
#41
0 1
0 2
0 3
1 0
1 2
2 1
2 3
3 0
#42
0 1
0 2
0 3
1 0
1 2
2 1
2 3
3 1
3 2
#43
0 1
0 2
0 3
1 0
1 2
2 1
2 3
3 1
#44
0 1
0 2
0 3
1 0
1 2
2 1
2 3
3 2
#45
0 1
0 2
0 3
1 0
1 2
2 1
2 3
#46
0 1
0 2
0 3
1 0
1 2
2 1
3 0
3 2
#47
0 1
0 2
0 3
1 0
1 2
2 1
3 0
#48
0 1
0 2
0 3
1 0
1 2
2 1
3 1
3 2
#49
0 1
0 2
0 3
1 0
1 2
2 1
3 1
#50
0 1
0 2
0 3
1 0
1 2
2 1
3 2
#51
0 1
0 2
0 3
1 0
1 2
2 1
#52
0 1
0 2
0 3
1 0
1 2
2 3
3 0
#53
0 1
0 2
0 3
1 0
1 2
2 3
3 1
3 2
#54
0 1
0 2
0 3
1 0
1 2
2 3
3 1
#55
0 1
0 2
0 3
1 0
1 2
2 3
3 2
#56
0 1
0 2
0 3
1 0
1 2
2 3
#57
0 1
0 2
0 3
1 0
1 2
3 0
3 2
#58
0 1
0 2
0 3
1 0
1 2
3 0
#59
0 1
0 2
0 3
1 0
1 2
3 1
3 2
#60
0 1
0 2
0 3
1 0
1 2
3 1
#61
0 1
0 2
0 3
1 0
1 2
3 2
#62
0 1
0 2
0 3
1 0
1 2
#63
0 1
0 2
0 3
1 0
2 0
3 0
#64
0 1
0 2
0 3
1 0
2 0
3 1
3 2
#65
0 1
0 2
0 3
1 0
2 0
3 1
#66
0 1
0 2
0 3
1 0
2 0
#67
0 1
0 2
0 3
1 0
2 1
2 3
3 1
3 2
#68
0 1
0 2
0 3
1 0
2 1
2 3
3 1
#69
0 1
0 2
0 3
1 0
2 1
2 3
3 2
#70
0 1
0 2
0 3
1 0
2 1
2 3
#71
0 1
0 2
0 3
1 0
2 1
3 1
#72
0 1
0 2
0 3
1 0
2 1
3 2
#73
0 1
0 2
0 3
1 0
2 1
#74
0 1
0 2
0 3
1 0
2 3
3 2
#75
0 1
0 2
0 3
1 0
2 3
#76
0 1
0 2
0 3
1 0
#77
0 1
0 2
0 3
1 2
1 3
2 1
2 3
3 1
3 2
#78
0 1
0 2
0 3
1 2
1 3
2 1
2 3
3 1
#79
0 1
0 2
0 3
1 2
1 3
2 1
2 3
#80
0 1
0 2
0 3
1 2
1 3
2 1
3 1
#81
0 1
0 2
0 3
1 2
1 3
2 1
3 2
#82
0 1
0 2
0 3
1 2
1 3
2 1
#83
0 1
0 2
0 3
1 2
1 3
2 3
3 2
#84
0 1
0 2
0 3
1 2
1 3
2 3
#85
0 1
0 2
0 3
1 2
1 3
#86
0 1
0 2
0 3
1 2
2 1
3 1
#87
0 1
0 2
0 3
1 2
2 1
#88
0 1
0 2
0 3
1 2
2 3
3 1
#89
0 1
0 2
0 3
1 2
2 3
#90
0 1
0 2
0 3
1 2
3 2
#91
0 1
0 2
0 3
1 2
#92
0 1
0 2
0 3
#93
0 1
0 2
1 0
1 2
2 0
2 1
3 0
3 1
#94
0 1
0 2
1 0
1 2
2 0
2 1
3 0
#95
0 1
0 2
1 0
1 2
2 0
2 3
3 0
3 1
#96
0 1
0 2
1 0
1 2
2 0
2 3
3 0
3 2
#97
0 1
0 2
1 0
1 2
2 0
2 3
3 0
#98
0 1
0 2
1 0
1 2
2 0
2 3
3 1
3 2
#99
0 1
0 2
1 0
1 2
2 0
2 3
3 1
#100
0 1
0 2
1 0
1 2
2 0
2 3
3 2
#101
0 1
0 2
1 0
1 2
2 0
2 3
#102
0 1
0 2
1 0
1 2
2 0
3 0
3 1
#103
0 1
0 2
1 0
1 2
2 0
3 0
3 2
#104
0 1
0 2
1 0
1 2
2 0
3 0
#105
0 1
0 2
1 0
1 2
2 0
3 1
3 2
#106
0 1
0 2
1 0
1 2
2 0
3 1
#107
0 1
0 2
1 0
1 2
2 0
3 2
#108
0 1
0 2
1 0
1 2
2 3
3 0
3 1
#109
0 1
0 2
1 0
1 2
2 3
3 0
3 2
#110
0 1
0 2
1 0
1 2
2 3
3 0
#111
0 1
0 2
1 0
1 2
2 3
3 2
#112
0 1
0 2
1 0
1 2
2 3
#113
0 1
0 2
1 0
1 2
3 0
3 1
#114
0 1
0 2
1 0
1 2
3 0
3 2
#115
0 1
0 2
1 0
1 2
3 0
#116
0 1
0 2
1 0
1 2
3 2
#117
0 1
0 2
1 0
1 3
2 0
2 3
3 0
#118
0 1
0 2
1 0
1 3
2 0
2 3
3 1
3 2
#119
0 1
0 2
1 0
1 3
2 0
2 3
3 1
#120
0 1
0 2
1 0
1 3
2 0
2 3
#121
0 1
0 2
1 0
1 3
2 0
3 0
3 2
#122
0 1
0 2
1 0
1 3
2 0
3 0
#123
0 1
0 2
1 0
1 3
2 0
3 1
#124
0 1
0 2
1 0
1 3
2 0
3 2
#125
0 1
0 2
1 0
1 3
2 0
#126
0 1
0 2
1 0
1 3
2 1
2 3
3 0
3 2
#127
0 1
0 2
1 0
1 3
2 1
2 3
3 0
#128
0 1
0 2
1 0
1 3
2 1
2 3
3 2
#129
0 1
0 2
1 0
1 3
2 1
2 3
#130
0 1
0 2
1 0
1 3
2 1
3 0
#131
0 1
0 2
1 0
1 3
2 1
3 2
#132
0 1
0 2
1 0
1 3
2 1
#133
0 1
0 2
1 0
1 3
2 3
3 2
#134
0 1
0 2
1 0
1 3
2 3
#135
0 1
0 2
1 0
1 3
#136
0 1
0 2
1 0
2 0
3 0
3 1
#137
0 1
0 2
1 0
2 0
3 0
#138
0 1
0 2
1 0
2 0
3 1
3 2
#139
0 1
0 2
1 0
2 0
3 1
#140
0 1
0 2
1 0
2 1
2 3
3 0
3 1
#141
0 1
0 2
1 0
2 1
2 3
3 0
#142
0 1
0 2
1 0
2 1
2 3
3 1
#143
0 1
0 2
1 0
2 1
2 3
3 2
#144
0 1
0 2
1 0
2 1
2 3
#145
0 1
0 2
1 0
2 1
3 0
3 1
#146
0 1
0 2
1 0
2 1
3 0
3 2
#147
0 1
0 2
1 0
2 1
3 0
#148
0 1
0 2
1 0
2 1
3 1
3 2
#149
0 1
0 2
1 0
2 1
3 1
#150
0 1
0 2
1 0
2 1
3 2
#151
0 1
0 2
1 0
2 3
3 0
3 1
#152
0 1
0 2
1 0
2 3
3 0
#153
0 1
0 2
1 0
2 3
3 1
3 2
#154
0 1
0 2
1 0
2 3
3 1
#155
0 1
0 2
1 0
2 3
3 2
#156
0 1
0 2
1 0
2 3
#157
0 1
0 2
1 0
3 0
3 1
#158
0 1
0 2
1 0
3 0
3 2
#159
0 1
0 2
1 0
3 0
#160
0 1
0 2
1 0
3 1
3 2
#161
0 1
0 2
1 0
3 1
#162
0 1
0 2
1 0
3 2
#163
0 1
0 2
1 2
1 3
2 3
3 0
#164
0 1
0 2
1 2
1 3
2 3
3 2
#165
0 1
0 2
1 2
1 3
2 3
#166
0 1
0 2
1 2
1 3
3 0
3 2
#167
0 1
0 2
1 2
1 3
3 0
#168
0 1
0 2
1 2
1 3
3 2
#169
0 1
0 2
1 2
1 3
#170
0 1
0 2
1 2
2 1
3 0
#171
0 1
0 2
1 2
2 1
3 1
3 2
#172
0 1
0 2
1 2
2 1
3 1
#173
0 1
0 2
1 2
2 3
3 0
#174
0 1
0 2
1 2
2 3
3 1
#175
0 1
0 2
1 2
2 3
3 2
#176
0 1
0 2
1 2
2 3
#177
0 1
0 2
1 2
3 0
#178
0 1
0 2
1 2
3 1
3 2
#179
0 1
0 2
1 2
3 1
#180
0 1
0 2
1 2
3 2
#181
0 1
0 2
1 3
2 3
3 0
#182
0 1
0 2
1 3
2 3
3 1
#183
0 1
0 2
1 3
2 3
#184
0 1
0 2
1 3
3 0
#185
0 1
0 2
1 3
3 1
#186
0 1
0 2
1 3
3 2
#187
0 1
0 2
1 3
#188
0 1
0 2
3 0
#189
0 1
0 2
3 1
3 2
#190
0 1
0 2
3 1
#191
0 1
1 0
2 0
3 0
#192
0 1
1 0
2 0
3 1
#193
0 1
1 0
2 0
3 2
#194
0 1
1 2
2 0
3 0
#195
0 1
1 2
2 3
3 0
#196
0 1
1 2
2 3
#197
0 1
1 2
3 1
#198
0 1
1 2
3 2
#199
0 1
2 1
3 1
